-1.000000E+02  0.000000E+00  2.567674E-03  8.655859E-07
-9.382530E+01  1.587302E-02  2.573971E-03  1.191800E-06
-8.766835E+01  3.174603E-02  2.582621E-03  1.642383E-06
-8.153562E+01  4.761905E-02  2.594500E-03  2.266000E-06
-7.543581E+01  6.349206E-02  2.610814E-03  3.131448E-06
-6.938067E+01  7.936508E-02  2.633218E-03  4.336892E-06
-6.338578E+01  9.523810E-02  2.663979E-03  6.024067E-06
-5.747167E+01  1.111111E-01  2.706211E-03  8.400622E-06
-5.166497E+01  1.269841E-01  2.764177E-03  1.177611E-05
-4.599940E+01  1.428571E-01  2.843717E-03  1.662130E-05
-4.051661E+01  1.587302E-01  2.952820E-03  2.366796E-05
-3.526598E+01  1.746032E-01  3.102389E-03  3.407962E-05
-3.030316E+01  1.904762E-01  3.307284E-03  4.974776E-05
-2.568661E+01  2.063492E-01  3.587686E-03  7.380929E-05
-2.147193E+01  2.222222E-01  3.970888E-03  1.115531E-04
-1.770466E+01  2.380952E-01  4.493582E-03  1.720008E-04
-1.441310E+01  2.539683E-01  5.204698E-03  2.706283E-04
-1.160315E+01  2.698413E-01  6.168730E-03  4.339454E-04
-9.257238E+00  2.857143E-01  7.469334E-03  7.069086E-04
-7.337568E+00  3.015873E-01  9.212542E-03  1.164184E-03
-5.792529E+00  3.174603E-01  1.152833E-02  1.925479E-03
-4.564165E+00  3.333333E-01  1.456827E-02  3.172207E-03
-3.594720E+00  3.492063E-01  1.849562E-02  5.155529E-03
-2.831189E+00  3.650794E-01  2.346319E-02  8.172598E-03
-2.227736E+00  3.809524E-01  2.957426E-02  1.247194E-02
-1.746393E+00  3.968254E-01  3.682518E-02  1.804750E-02
-1.356646E+00  4.126984E-01  4.503673E-02  2.433085E-02
-1.034445E+00  4.285714E-01  5.379484E-02  2.992218E-02
-7.610094E-01  4.444444E-01  6.243370E-02  3.265823E-02
-5.216319E-01  4.603175E-01  7.009338E-02  3.029677E-02
-3.045871E-01  4.761905E-01  7.586109E-02  2.171119E-02
-1.001683E-01  4.920635E-01  7.896600E-02  7.916701E-03
 1.001683E-01  5.079365E-01  7.896600E-02 -7.916701E-03
 3.045871E-01  5.238095E-01  7.586109E-02 -2.171119E-02
 5.216319E-01  5.396825E-01  7.009338E-02 -3.029677E-02
 7.610094E-01  5.555556E-01  6.243370E-02 -3.265823E-02
 1.034445E+00  5.714286E-01  5.379484E-02 -2.992218E-02
 1.356646E+00  5.873016E-01  4.503673E-02 -2.433085E-02
 1.746393E+00  6.031746E-01  3.682518E-02 -1.804750E-02
 2.227736E+00  6.190476E-01  2.957426E-02 -1.247194E-02
 2.831189E+00  6.349206E-01  2.346319E-02 -8.172598E-03
 3.594720E+00  6.507937E-01  1.849562E-02 -5.155529E-03
 4.564165E+00  6.666667E-01  1.456827E-02 -3.172207E-03
 5.792529E+00  6.825397E-01  1.152833E-02 -1.925479E-03
 7.337568E+00  6.984127E-01  9.212542E-03 -1.164184E-03
 9.257238E+00  7.142857E-01  7.469334E-03 -7.069086E-04
 1.160315E+01  7.301587E-01  6.168730E-03 -4.339454E-04
 1.441310E+01  7.460317E-01  5.204698E-03 -2.706283E-04
 1.770466E+01  7.619048E-01  4.493582E-03 -1.720008E-04
 2.147193E+01  7.777778E-01  3.970888E-03 -1.115531E-04
 2.568661E+01  7.936508E-01  3.587686E-03 -7.380929E-05
 3.030316E+01  8.095238E-01  3.307284E-03 -4.974776E-05
 3.526598E+01  8.253968E-01  3.102389E-03 -3.407962E-05
 4.051661E+01  8.412698E-01  2.952820E-03 -2.366796E-05
 4.599940E+01  8.571429E-01  2.843717E-03 -1.662130E-05
 5.166497E+01  8.730159E-01  2.764177E-03 -1.177611E-05
 5.747167E+01  8.888889E-01  2.706211E-03 -8.400622E-06
 6.338578E+01  9.047619E-01  2.663979E-03 -6.024067E-06
 6.938067E+01  9.206349E-01  2.633218E-03 -4.336892E-06
 7.543581E+01  9.365079E-01  2.610814E-03 -3.131448E-06
 8.153562E+01  9.523810E-01  2.594500E-03 -2.266000E-06
 8.766835E+01  9.682540E-01  2.582621E-03 -1.642383E-06
 9.382530E+01  9.841270E-01  2.573971E-03 -1.191800E-06
 1.000000E+02  1.000000E+00  2.567674E-03 -8.655859E-07
