-3.000000E+01  0.000000E+00  8.603407E-03  7.688563E-07
-2.877657E+01  1.052632E-02  8.604525E-03  1.076928E-06
-2.755333E+01  2.105263E-02  8.606092E-03  1.508513E-06
-2.633035E+01  3.157895E-02  8.608286E-03  2.113202E-06
-2.510775E+01  4.210526E-02  8.611358E-03  2.960564E-06
-2.388566E+01  5.263158E-02  8.615661E-03  4.148257E-06
-2.266430E+01  6.315789E-02  8.621687E-03  5.813503E-06
-2.144395E+01  7.368421E-02  8.630127E-03  8.149355E-06
-2.022502E+01  8.421053E-02  8.641945E-03  1.142791E-05
-1.900807E+01  9.473684E-02  8.658495E-03  1.603360E-05
-1.779388E+01  1.052632E-01  8.681670E-03  2.251143E-05
-1.658354E+01  1.157895E-01  8.714120E-03  3.163760E-05
-1.537854E+01  1.263158E-01  8.759554E-03  4.452446E-05
-1.418094E+01  1.368421E-01  8.823158E-03  6.277933E-05
-1.299356E+01  1.473684E-01  8.912183E-03  8.874984E-05
-1.182017E+01  1.578947E-01  9.036763E-03  1.259123E-04
-1.066581E+01  1.684211E-01  9.211038E-03  1.795018E-04
-9.537048E+00  1.789474E-01  9.454720E-03  2.575614E-04
-8.442212E+00  1.894737E-01  9.795233E-03  3.727288E-04
-7.391459E+00  2.000000E-01  1.027062E-02  5.453384E-04
-6.396563E+00  2.105263E-01  1.093349E-02  8.088800E-04
-5.470220E+00  2.210526E-01  1.185614E-02  1.219664E-03
-4.624797E+00  2.315789E-01  1.313728E-02  1.873889E-03
-3.870626E+00  2.421053E-01  1.491018E-02  2.937369E-03
-3.214204E+00  2.526316E-01  1.735218E-02  4.695836E-03
-2.656905E+00  2.631579E-01  2.069422E-02  7.635899E-03
-2.194684E+00  2.736842E-01  2.522803E-02  1.256445E-02
-1.818921E+00  2.842105E-01  3.130579E-02  2.075849E-02
-1.518034E+00  2.947368E-01  3.932452E-02  3.409170E-02
-1.279301E+00  3.052632E-01  4.968464E-02  5.499346E-02
-1.090367E+00  3.157895E-01  6.271321E-02  8.598218E-02
-9.402119E-01  3.263158E-01  7.855235E-02  1.285041E-01
-8.195872E-01  3.368421E-01  9.703483E-02  1.811483E-01
-7.210699E-01  3.473684E-01  1.175974E-01  2.381172E-01
-6.388923E-01  3.578947E-01  1.392949E-01  2.895349E-01
-5.686770E-01  3.684211E-01  1.609473E-01  3.245388E-01
-5.071579E-01  3.789474E-01  1.813833E-01  3.358410E-01
-4.519282E-01  3.894737E-01  1.996793E-01  3.227190E-01
-4.012296E-01  4.000000E-01  2.152982E-01  2.904929E-01
-3.537853E-01  4.105263E-01  2.280942E-01  2.473991E-01
-3.086722E-01  4.210526E-01  2.382214E-01  2.012737E-01
-2.652240E-01  4.315789E-01  2.460081E-01  1.576662E-01
-2.229601E-01  4.421053E-01  2.518467E-01  1.195103E-01
-1.815330E-01  4.526316E-01  2.561184E-01  8.767678E-02
-1.406896E-01  4.631579E-01  2.591524E-01  6.174417E-02
-1.002430E-01  4.736842E-01  2.612092E-01  4.063061E-02
-6.005131E-02  4.842105E-01  2.624788E-01  2.299433E-02
-2.000188E-02  4.947368E-01  2.630837E-01  7.435214E-03
 2.000188E-02  5.052632E-01  2.630837E-01 -7.435214E-03
 6.005131E-02  5.157895E-01  2.624788E-01 -2.299433E-02
 1.002430E-01  5.263158E-01  2.612092E-01 -4.063061E-02
 1.406896E-01  5.368421E-01  2.591524E-01 -6.174417E-02
 1.815330E-01  5.473684E-01  2.561184E-01 -8.767678E-02
 2.229601E-01  5.578947E-01  2.518467E-01 -1.195103E-01
 2.652240E-01  5.684211E-01  2.460081E-01 -1.576662E-01
 3.086722E-01  5.789474E-01  2.382214E-01 -2.012737E-01
 3.537853E-01  5.894737E-01  2.280942E-01 -2.473991E-01
 4.012296E-01  6.000000E-01  2.152982E-01 -2.904929E-01
 4.519282E-01  6.105263E-01  1.996793E-01 -3.227190E-01
 5.071579E-01  6.210526E-01  1.813833E-01 -3.358410E-01
 5.686770E-01  6.315789E-01  1.609473E-01 -3.245388E-01
 6.388923E-01  6.421053E-01  1.392949E-01 -2.895349E-01
 7.210699E-01  6.526316E-01  1.175974E-01 -2.381172E-01
 8.195872E-01  6.631579E-01  9.703483E-02 -1.811483E-01
 9.402119E-01  6.736842E-01  7.855235E-02 -1.285041E-01
 1.090367E+00  6.842105E-01  6.271321E-02 -8.598218E-02
 1.279301E+00  6.947368E-01  4.968464E-02 -5.499346E-02
 1.518034E+00  7.052632E-01  3.932452E-02 -3.409170E-02
 1.818921E+00  7.157895E-01  3.130579E-02 -2.075849E-02
 2.194684E+00  7.263158E-01  2.522803E-02 -1.256445E-02
 2.656905E+00  7.368421E-01  2.069422E-02 -7.635899E-03
 3.214204E+00  7.473684E-01  1.735218E-02 -4.695836E-03
 3.870626E+00  7.578947E-01  1.491018E-02 -2.937369E-03
 4.624797E+00  7.684211E-01  1.313728E-02 -1.873889E-03
 5.470220E+00  7.789474E-01  1.185614E-02 -1.219664E-03
 6.396563E+00  7.894737E-01  1.093349E-02 -8.088800E-04
 7.391459E+00  8.000000E-01  1.027062E-02 -5.453384E-04
 8.442212E+00  8.105263E-01  9.795233E-03 -3.727288E-04
 9.537048E+00  8.210526E-01  9.454720E-03 -2.575614E-04
 1.066581E+01  8.315789E-01  9.211038E-03 -1.795018E-04
 1.182017E+01  8.421053E-01  9.036763E-03 -1.259123E-04
 1.299356E+01  8.526316E-01  8.912183E-03 -8.874984E-05
 1.418094E+01  8.631579E-01  8.823158E-03 -6.277933E-05
 1.537854E+01  8.736842E-01  8.759554E-03 -4.452446E-05
 1.658354E+01  8.842105E-01  8.714120E-03 -3.163760E-05
 1.779388E+01  8.947368E-01  8.681670E-03 -2.251143E-05
 1.900807E+01  9.052632E-01  8.658495E-03 -1.603360E-05
 2.022502E+01  9.157895E-01  8.641945E-03 -1.142791E-05
 2.144395E+01  9.263158E-01  8.630127E-03 -8.149355E-06
 2.266430E+01  9.368421E-01  8.621687E-03 -5.813503E-06
 2.388566E+01  9.473684E-01  8.615661E-03 -4.148257E-06
 2.510775E+01  9.578947E-01  8.611358E-03 -2.960564E-06
 2.633035E+01  9.684211E-01  8.608286E-03 -2.113202E-06
 2.755333E+01  9.789474E-01  8.606092E-03 -1.508513E-06
 2.877657E+01  9.894737E-01  8.604525E-03 -1.076928E-06
 3.000000E+01  1.000000E+00  8.603407E-03 -7.688563E-07
